scalar[0] = -0.24937086543162235
scalar[1] = 2.070227949954301
scalar[2] = -0.9674071027938463
scalar[3] = 0.10489520549453875
